ID	Document	label
1	̒	1
2	̹	1
3	ϳ	1
4	ϒ	1
5	Ϲ̷	1
6	Ͼֹ	1
7	Ӱ	1
8		1
9	ùپ	1
10		1
11		1
12		1
13	û	1
14		1
15		1
16		1
17		1
18	°	1
19		1
20	D	1
21	D	1
22	ø	1
23	ùٷ	1
24	ù	1
25	ģ~	1
26	ùٶ	1
27		1
28		1
29		1
30		1
31		0
32	Ƕ	0
33	ʾ	1
34	ģ	1
35		0
36	ģ	1
37	ޯQ	1
38	ģ	1
39	0ģ	1
40	̽ģ	1
41		1
42	̯Q	1
43	׿	0
44	׾	0
45	׿Ұ	1
46	ƾ	1
47		1
48	â	1
49	0	1
50		0
51		1
52	ť	0
53		1
54	ť	0
55		0
56	ť	0
57	nť	0
58	ť	1
59		0
60		1
61	.	1
62	0	1
63	0	1
64		1
65		1
66	0	1
67	0Ű	1
68	77	1
69		1
70		1
71	Ű	1
72		1
73		1
74		1
75		1
76		1
77	Ű	1
78	̹	1
79	0	1
80		1
81		1
82	ӹ	1
83	0	1
84	ù̹ģ	1
85	ùģ	1
86	ù	1
87	û߳	1
88	߳	1
89	úο	1
90	ù	1
91	ù	1
92	ú	1
93	û	1
94	̹	1
95	ģ߹	1
96		1
97		1
98	â	1
99		1
100	0	1
101	0	1
102		1
103		1
104		1
105	ֳ	1
106	ֳ	1
107	س	1
108		0
109	y	1
110		1
111	0	1
112		1
113	â	1
114	0	1
115	ٶ	1
116		0
117		1
118		1
119		1
120		1
121	ùپ	1
122	ùٽù	1
123		1
124		1
125	 	1
126	̹	1
127		1
128		0
129		1
130		1
131	پ	1
132	â	1
133		1
134		1
135	ƴ	1
136	â	1
137		1
138		1
139		1
140		1
141	â	1
142		0
143		0
144	.	1
145		0
146		1
147		1
148	E	1
149		1
150		1
151		1
152		1
153	³	1
154		1
155	 	1
156	.	1
157	0	1
158	0	1
159		1
160		1
161		1
162	볻	1
163		1
164		1
165		1
166		1
167		1
168		1
169		1
170		1
171		1
172		1
173		1
174		1
175		1
176		1
177	Ʈ	1
178		1
179		1
180		1
181		1
182		1
183		1
184		1
185		1
186		1
187		1
188		1
189		1
190	jot	1
191		1
192	ι	1
193		1
194		0
195		0
196		1
197	ҳ	1
198	ҿ³	1
199	Գ	1
200	Գ	1
201	ճ	1
202	׾	0
203	ᰰ	1
204		1
205	ý	1
206	볪	1
207		1
208	Ʈ	1
209	p	1
210	 	0
211	0	1
212		0
213		1
214	¯	0
215	¯	1
216	ɳ	1
217	0ٸ	1
218	ʹٸ	0
219	 	1
220	˱	1
221	˸	1
222	g	1
223	n	1
224	0	1
225	â	0
226	â	0
227	ȣ	0
228	ȭ	0
229	.	1
230	0	1
231	0	1
232	Ļ	0
233		1
234		1
235	zy	1
236	zi	1
237	z	1
238	jy	1
239	ji	1
240	g	1
241	zy	1
242	zi	1
243	z	1
244	jy	1
245	ji	1
246	g	1
247	g	1
248	g	1
249	g	1
250	c	1
251	g	1
252	ji	1
253	G	1
254	ji	1
255	za	1
256	ja	1
257		1
258	Ļ	1
259	κ	1
260	ε	1
261		1
262		0
263	ť	0
264	ݰ	0
265	â	0
266		0
267		1
268	i	1
269	ι	1
270	ʹٸ	0
271	¬	0
272	̷	1
273	̷	1
274		1
275		1
276		1
277		1
278		1
279	U	1
280		0
281	p	1
282		1
283		1
284		1
285	㷲	1
286		1
287		1
288		1
289		1
290		1
291	һ	1
292	ҹ	1
293		1
294		1
295		0
296		0
297		1
298		0
299		0
300		1
301		1
302		1
303		1
304		1
305		0
306	ٸ	1
307		1
308		1
309	¡	0
310		1
311		1
312		1
313		1
314		1
315		1
316		1
317		1
318		1
319		1
320		1
321		1
322		1
323		1
324		1
325		1
326		1
327		1
328		1
329		1
330		1
331		1
332		0
333		1
334		1
335		1
336		1
337		1
338		1
339		1
340		1
341		1
342		1
343		1
344		1
345		0
346	ⴤ	1
347		1
348	p	1
349		1
350	ڣp	1
351		1
352		1
353	÷	1
354	ö	0
355		0
356		1
357		1
358		1
359	â	1
360	O	1
361	ں	1
362		1
363	â	0
364		0
365	ãx	1
366		1
367	ڽ	0
368	ڽ	1
369	ڼ	1
370	ÿ	1
371	ý	1
372	û	0
373	ù	0
374	ó	0
375	ó	0
376	ñ	0
377	â	1
378		1
379		1
380	j	1
381		1
382		1
383	׾	1
384	׽	1
385	پ	1
386	پ	1
387	ٽ	1
388	ټ	1
389	ִ	1
390	ֳ	0
391	ֳ	1
392		1
393		1
394	â	1
395		1
396	K	1
397	G	1
398		1
399		1
400	o	1
401		1
402		1
403		1
404		1
405		0
406		0
407	׽	1
408		1
409		0
410		1
411		1
412	׾	1
413	׾	1
414	Ծ	1
415	Ծ	1
416	;	1
417	ť	1
418	ť	1
419	ǣp	1
420		1
421	ť	0
422		0
423	ŷ	0
424	ť	0
425	ť	1
426		1
427	츮	1
428	l	1
429		1
430	ť	1
431	ٸ	1
432	ِl	1
433	ٷ	1
434		1
435		0
436	l	1
437		1
438		1
439		1
440		1
441		1
442		1
443	귲	1
444		1
445		1
446	齮	1
447		1
448	߽	1
449	ؾ	1
450	ؽ	1
451	Ύ	1
452	η	1
453	ζ	0
454		1
455		1
456		1
457		1
458	̿˽	1
459		1
460		0
461	p	1
462		1
463	ġ	1
464		0
465	ó	1
466		1
467		1
468		1
469		0
470		0
471		0
472		1
473		1
474		1
475		1
476	ķ	0
477	â	1
478		1
479		1
480		1
481	ť	1
482		1
483		1
484		1
485		1
486		1
487		1
488		1
489	p	1
490	鹰	1
491		1
492	ر	0
493	ķ	0
494	ģ	1
495	Ҵ	1
496	ҳ	1
497	ҳ	1
498		1
499	ĥ	1
500	ġ	1
501		1
502		0
503		1
504		1
505		1
506	˵	1
507	˵	1
508		1
509		1
510		1
511		0
512	ױ	1
513	ױ⸮	1
514		1
515		1
516	zy	1
517	zi	1
518	z	1
519		1
520	۳	0
521	ø	1
522	÷	1
523		1
524		1
525		0
526		1
527		1
528	Դ	1
529	԰ư	1
530	ڽ	1
531		1
532		0
533		1
534		1
535		1
536		1
537		1
538	jonna	1
539	mi	1
540		0
541	úη	1
542	ú䷲	1
543	η	1
544	䷲	1
545	úη	1
546	ú	1
547	η	1
548		1
549	ױ⸮	1
550		1
551	ȣ	1
552		0
553		1
554		1
555		1
556		1
557		1
558		1
559		1
560		1
561		1
562	ζ	1
563		1
564		1
565		0
566	 	1
567		1
568		1
569		1
570	Ҹ	1
571		1
572		0
573	ġ	0
574		0
575	tlqkf	1
576	wlfkf	1
577		1
578		1
579	 	1
580	 	1
581		1
582		1
583		1
584	 	1
585	0	1
586		1
587	.	1
588	0	1
589		0
590		1
591	0	1
592		1
593	0	1
594		1
595	0	1
596		0
597	ⷹ	0
598	ڷ	0
599		1
600	ð	1
601	ð	0
602	ñ	1
603	0	1
604	;	0
605		0
606		0
607	þ	1
608	侲	1
609		1
610	¡	0
611		0
612	ڻ	0
613		1
614	«	1
615		1
616		1
617		1
618	I	1
619	¤	1
620	徲	1
621	U	1
622		1
623	F	1
624		1
625		1
626		1
627		1
628		1
629	r	1
630	o	1
631	ʱݸ	1
632	׹	0
633	â	1
634		1
635		1
636		1
637	ٹ	1
638		0
639	Ƣ	0
640		1
641		1
642		1
643	ַ	1
644	a	1
645	SX	1
646	â	1
647	p	1
648	ȭ	0
649		0
650		1
651		1
652		1
653	¼	1
654	γ	0
655	γ	1
656	ݼ	1
657	ݻ	1
658	۷γ	1
659	ī	1
660	ī	1
661	ī	1
662	ò	1
663	ò	1
664	ò	1
665	λ	1
666	˹	1
667	˳	1
668	ɺ	1
669	«	1
670	¥p	1
671	¥	1
672		1
673		1
674		1
675		1
676	p	1
677	pU	1
678		1
679		1
680		1
681	U	1
682		1
683	Ը	1
684	Դ	1
685	Գ	1
686		1
687		1
688	ī	1
689	ұ	1
690		1
691		1
692		1
693		1
694		1
695		1
696		1
697		1
698		1
699		1
700		1
701		1
702		1
703		1
704		1
705		1
706		1
707		1
708		1
709		1
710		1
711		1
712		1
713		1
714		1
715		1
716		1
717		1
718		1
719		1
720		1
721		1
722		1
723		1
724		1
725		1
726		1
727		1
728		1
729		1
730		1
731		1
732		1
733		1
734		1
735		1
736		1
737		1
738		1
739		1
740		1
741		1
742		1
743	ھ	1
744		1
745	蔷	1
746	溴	1
747		0
748		1
749		1
750	ư	1
751	â	0
752	â	1
753		1
754	ߵ	1
755	߳	1
756	â	1
757	֒	1
758	ĳ	0
759	ư	1
760	γ	1
761		1
762	ó	1
763		1
764		1
765	ÿ	1
766	ú	1
767	õ	1
768	ô	1
769	ñ	1
770	ð	1
771	Գ	1
772		1
773		1
774		1
775		1
776	̹	1
777		1
778		1
779	m	1
780	dâ	1
781	d	1
782	d	1
783		1
784		1
785		1
786	q	1
787	q	1
788	q	1
789	q	1
790	佺	1
791	꿢	1
792	꿢	1
793		0
794	X	1
795		1
796	ֿ	1
797	ִ	1
798	ִ	1
799	ֳ빫	1
800	ӹ	1
801		1
802	ͻ	1
803		1
804	ڽ	1
805	ڼ	1
806	ʻ	1
807	ʺ	1
808	ʹ	1
809	ʳ	1
810		1
811	þӳ	1
812		1
813	Լ	1
814	Գ	1
815		1
816		1
817		1
818		1
819		1
820	Ű	1
821		1
822		1
823		1
824		1
825		1
826	S	1
827		1
828		1
829		1
830		1
831	׽	1
832		1
833		1
834		1
835		1
836	ӳ	1
837		1
838		1
839		1
840		1
841		1
842		1
843		1
844	s	1
845	ٽ	1
846	н	1
847		1
848		1
849	ǣ	1
850	ƽ	1
851	nť	1
852		1
853		1
854	ť	1
855		1
856		1
857	ť	1
858		1
859		1
860		1
861		1
862		1
863		1
864	׽	1
865		1
866		1
867		1
868		1
869		1
870		1
871		1
872		1
873		1
874		1
875	㽮	1
876		1
877		1
878	ؽó	1
879	ؚ	1
880	ص	1
881		1
882	̣p	1
883	¢	1
884		1
885		1
886		1
887		1
888		1
889		1
890		1
891		1
892		1
893		1
894		1
895		1
896		1
897		1
898	ť	1
899	ٱ	1
900	ƾ	1
901	Ƹ	1
902		1
903		1
904	̽	1
905		1
906	ҳ	0
907		1
908	η	1
909		1
910		1
911		1
912		1
913		1
914		1
915		0
916		1
917		1
918	밡	1
919	ڴ밡	1
920	̶	1
921	̹	1
922	Ͽ	1
923	Ͽ	1
924	Ͼ	1
925	ϒ	1
926	Ϲ	1
927	ϱ͹	1
928	mâ	1
929	̱	1
930	׾ֺ	1
931	׾ֹ	1
932	˸	1
933		0
934		0
935	ʱ׾	1
936	ʱ׾ƺ	1
937	Ǳ	1
938		0
939	ñ	1
940	ð	1
941		0
942		1
943		1
944		1
945		1
946	ڽ	1
947	Դ	1
948	Դ	1
949	Ż	0
950		1
951		1
952		1
953		1
954		1
955		0
956		1
957		1
958		1
959		1
960		1
961		1
962		1
963		1
964	ʸ	1
965	ġ	1
966		1
967	ƽ	1
968	x	1
969	xxxx	1
970	sϰeʹx	1
971	sex	1
972	sƮ	1
973	d	1
974	ɷ	1
975		1
976		1
977	ֳ	1
978		0
979		0
980	Ʈâ	1
981		1
982		1
983	girl	1
984		0
985	ö	0
986	¯	1
987	¯ö	0
988	¯	1
989	¯	0
990	¯	1
991	¯	1
992		0
993		0
994		1
995		1
996		1
